11 0.3620064142831903 0.21388469013172107 0.09109803498164545 0.03631652303645392
12 0.22397908855342458 0.3998841797373432 0.061284132624016045 0.1413399815472802
13 0.3782936387193027 0.5019630552992679 0.12146404664219386 0.033371940087552406
14 0.22342697925050548 0.5446595080583421 0.060179914018177884 0.14035845389764645
7 0.37525703755324785 0.25952572583969696 0.0844727233466167 0.02551971889048108
6 0.4569692143852692 0.25903496201488 0.01711538839049098 0.02650124654011499
8 0.4958929202410632 0.26050725348933085 0.022084372116762552 0.03337194008755226
9 0.5381292819143715 0.25756267054042914 0.02042804420800543 0.029445829489016688
3 0.5767769331187058 0.25805343436524614 0.022636481419681685 0.030427357138650635
10 0.6148724750201212 0.2585441981900631 0.01601116978465292 0.027482774189748867
4 0.6526919622700771 0.25658114289079537 0.017667497693410042 0.029445829489016723
5 0.6916156681258709 0.2560903790659783 0.019323825602167374 0.03435346773718617
15 0.7299872646787461 0.25756267054042925 0.014354841875895516 0.03140888478828448
1 0.7788489379870831 0.2580534343652461 0.03699132329557713 0.028464301839382776
0 0.8368204147935846 0.2580534343652461 0.03036601166054851 0.028464301839382776
2 0.8923073997369505 0.25903496201488 0.033126558175143546 0.02650124654011499
7 0.37498098290178833 0.2982960680002356 0.0828163954378595 0.02650124654011499
6 0.45641710508235017 0.29584224887615096 0.01711538839049098 0.023556663591213365
8 0.4964450295439822 0.29878683182505256 0.019875934905086295 0.02355666359121333
9 0.5386813912172905 0.29731454035060173 0.018219606996329105 0.024538191240847204
3 0.5770529877701654 0.29731454035060173 0.020980153510924426 0.024538191240847204
10 0.6165288029288785 0.2978053041754187 0.014906951178814652 0.027482774189748867
4 0.6532440715729961 0.2982960680002356 0.016563279087571915 0.0304273571386506
5 0.6918917227773307 0.29731454035060173 0.01877171629924817 0.030427357138650635
15 0.7299872646787461 0.2978053041754187 0.015459060481733644 0.03140888478828451
1 0.7794010472900021 0.2968237765257848 0.03699132329557713 0.03140888478828448
0 0.8368204147935847 0.2987868318250526 0.031470230266386776 0.027482774189748937
2 0.8931355636913293 0.29633301270096785 0.033678667478063036 0.02650124654011499
7 0.37691336546200505 0.3365756463359573 0.08557694195245481 0.03435346773718621
6 0.45669315973380975 0.33215877191260484 0.0187717162992481 0.019630552992677793
8 0.4964450295439822 0.3351033548615065 0.01877171629924817 0.027482774189748867
9 0.538405336565831 0.3346125910366895 0.01987593490508637 0.030427357138650635
3 0.5770529877701654 0.33559411868632344 0.020980153510924426 0.030427357138650565
10 0.616804857580338 0.3351033548615065 0.016563279087571842 0.03140888478828451
4 0.6532440715729961 0.33412182721187267 0.017667497693410042 0.027482774189748867
5 0.6913396134744115 0.3351033548615065 0.020980153510924426 0.03140888478828451
15 0.7288830460729079 0.3360848825111404 0.01877171629924817 0.027482774189748937
1 0.7796771019414617 0.33461259103668956 0.03975186981017259 0.02453819124084731
0 0.835992250839206 0.3351033548615065 0.03312655817514397 0.029445829489016688
2 0.8928595090398695 0.33264953573742184 0.03533499538681994 0.028464301839382814
7 0.372220436387193 0.3738736970220451 0.07950373962034511 0.02650124654011499
6 0.4555889411279716 0.3699475864235096 0.019875934905086226 0.018649025343043916
8 0.49672108419544175 0.3728921693724112 0.02042804420800543 0.02650124654011499
9 0.537853227262912 0.3719106417227773 0.020980153510924426 0.02650124654011499
3 0.5776050970730845 0.3728921693724112 0.020980153510924426 0.02453819124084724
10 0.6165288029288785 0.3728921693724112 0.018219606996329032 0.02846430183938274
4 0.6540722355273748 0.3728921693724112 0.019323825602167232 0.02846430183938274
5 0.6918917227773307 0.3733829331972282 0.020980153510924426 0.029445829489016688
15 0.7283309367699888 0.3714198778979605 0.018771716299248026 0.02944582948901662
1 0.7796771019414617 0.37092911407314355 0.03754343259849605 0.02453819124084731
0 0.8368204147935847 0.3714198778979605 0.03367866747806275 0.023556663591213434
2 0.8928595090398695 0.3699475864235096 0.03643921399265821 0.028464301839382884
7 0.35538110264816164 0.4116625115329499 0.04582507214228229 0.029445829489016688
6 0.4561410504308907 0.40724563710959744 0.020980153510924353 0.020612080642311667
8 0.4969971388469013 0.41019022005849903 0.01987593490508637 0.028464301839382884
9 0.5381292819143715 0.4111717477081329 0.021532262813843416 0.030427357138650635
3 0.5787093156789226 0.4116625115329499 0.019875934905086295 0.03337194008755226
10 0.6173569668832571 0.4096994562336822 0.017667497693410042 0.03337194008755219
4 0.6537961808759153 0.41019022005849903 0.020980153510924426 0.02650124654011499
5 0.6913396134744115 0.41166251153294986 0.019875934905086295 0.031408884788284436
15 0.7291591007243673 0.41019022005849903 0.01932382560216709 0.02650124654011499
1 0.7799531565929212 0.40920869240886515 0.039199760507253385 0.028464301839382814
0 0.8362683054906657 0.40773640093441443 0.032574448872224764 0.03337194008755226
2 0.8917552904340316 0.4111717477081329 0.03643921399265821 0.03239041243791831
7 0.35593321195108063 0.5510394377809622 0.05134616517147286 0.021593608291945614
6 0.4577973783396478 0.5471133271824268 0.01877171629924817 0.029445829489016688
8 0.4969971388469013 0.5515302016057793 0.022084372116762622 0.02650124654011492
9 0.5381292819143715 0.5510394377809623 0.019323825602167305 0.027482774189748937
3 0.5765008784672464 0.5485856186568776 0.020980153510924426 0.030427357138650635
10 0.6159766936259594 0.5485856186568776 0.01601116978465278 0.03435346773718621
4 0.6537961808759153 0.5505486739561454 0.022084372116762552 0.028464301839382814
5 0.6918917227773307 0.5515302016057793 0.025397027934276794 0.03435346773718614
15 0.7305393739816651 0.5505486739561454 0.017667497693410184 0.030427357138650635
1 0.7799531565929211 0.548094854832061 0.038095541901415356 0.0333719400875517
0 0.8390288520052609 0.5515302016057793 0.04361663493060604 0.03435346773718614
2 0.8936876729942482 0.5525117292554131 0.03367866747806289 0.03239041243791838
7 0.37498098290178833 0.5907913075911349 0.08612905125537389 0.030427357138650565
6 0.45807343299110737 0.5873559608174163 0.021532262813843347 0.021593608291945687
8 0.4972731934983608 0.5888282522918671 0.023740700025519673 0.028464301839382814
9 0.5375771726114524 0.5878467246422332 0.02153226281384349 0.030427357138650565
3 0.5762248238157868 0.5863744331677823 0.02153226281384356 0.03140888478828451
10 0.6162527482774189 0.5878467246422332 0.0187717162992481 0.03435346773718621
4 0.6537961808759153 0.5878467246422332 0.020980153510924426 0.030427357138650565
5 0.6916156681258712 0.5888282522918671 0.02153226281384349 0.028464301839382814
15 0.7299872646787461 0.5888282522918671 0.01877171629924831 0.02650124654011499
1 0.7802292112443806 0.5893190161166841 0.03864765120433432 0.027482774189748628
0 0.8393049066567204 0.5927543628904026 0.044168744233525105 0.030427357138650635
2 0.8934116183427886 0.5932451267152196 0.03312655817514397 0.027482774189748867
7 0.3628345782375689 0.6280893582772227 0.06183624192693507 0.028464301839382814
6 0.4569692143852692 0.6261263029779549 0.02153226281384349 0.02061208064231181
8 0.4972731934983608 0.6280893582772227 0.0248449186313578 0.02650124654011492
9 0.5375771726114524 0.6275985944524057 0.023740700025519673 0.027482774189748937
3 0.5765008784672464 0.6261263029779549 0.020980153510924426 0.028464301839382814
10 0.616804857580338 0.6271078306275888 0.020980153510924426 0.026501246540115063
4 0.6537961808759153 0.6271078306275888 0.019875934905086295 0.024538191240847097
5 0.6907875041714925 0.6290708859268566 0.022084372116762552 0.030427357138650565
15 0.7291591007243673 0.6285801221020396 0.014906951178814864 0.023556663591213292
1 0.7802292112443808 0.6285801221020396 0.04085608841601086 0.025519718890481186
0 0.840133070611099 0.6300524135764904 0.044720853536444165 0.028464301839382814
2 0.8936876729942482 0.6295616497516735 0.03478288608390102 0.027482774189748937
7 0.35510504799670206 0.6653874089633105 0.04637718144520136 0.028464301839382814
6 0.45724526903672874 0.6639151174888596 0.023188590722600537 0.021593608291945687
8 0.4972731934983608 0.6639151174888596 0.0248449186313578 0.027482774189748937
9 0.537853227262912 0.6624428260144088 0.025397027934276794 0.02453819124084731
3 0.5765008784672463 0.6639151174888596 0.0187717162992481 0.031408884788284436
10 0.6159766936259594 0.6648966451384937 0.01711538839049098 0.029445829489016688
4 0.6543482901788343 0.6658781727881276 0.017667497693410042 0.023556663591213292
5 0.691063558822952 0.6658781727881276 0.022636481419681616 0.027482774189748795
15 0.7297112100272866 0.6644058813136766 0.01711538839049098 0.022575135941579703
1 0.7802292112443807 0.6663689366129444 0.04196030702184885 0.026501246540115063
0 0.840133070611099 0.6668597004377613 0.044720853536444165 0.027482774189748937
2 0.8936876729942483 0.6663689366129444 0.035887104689739144 0.026501246540115063
7 0.37194438173573346 0.706611570247934 0.07895163031742605 0.028464301839382672
6 0.45752132368818826 0.7017039319997644 0.02484491863135787 0.024538191240847027
8 0.4972731934983608 0.7017039319997644 0.0248449186313578 0.028464301839382672
9 0.538405336565831 0.7012131681749474 0.024292809328438737 0.033371940087552045
3 0.5765008784672463 0.7017039319997644 0.019875934905086226 0.028464301839382672
10 0.6165288029288785 0.7031762234742152 0.019323825602167305 0.031408884788284436
4 0.6537961808759153 0.7026854596493983 0.019875934905086295 0.03239041243791831
5 0.6916156681258709 0.7046485149486661 0.022636481419681474 0.03239041243791831
15 0.7299872646787461 0.7026854596493983 0.019875934905086438 0.02650124654011478
1 0.7799531565929212 0.7041577511238493 0.04472085353644388 0.023556663591213153
0 0.8406851799140181 0.7021946958245815 0.044720853536444026 0.029445829489016688
2 0.8936876729942483 0.7026854596493983 0.035887104689739144 0.028464301839382814
