11 0.3614543049802713 0.2158477454309889 0.09109803498164552 0.038279578335721674
12 0.22370303390196505 0.4008657073869772 0.06294046053277323 0.1472291474450835
13 0.37718942011346457 0.5014722914744509 0.12367248385387011 0.03239041243791846
14 0.22370303390196505 0.5461317995327929 0.06183624192693507 0.13741387094874455
7 0.3744288735988692 0.26050725348933085 0.08502483264953568 0.023556663591213292
6 0.45752132368818826 0.26001648966451385 0.018219606996329105 0.02453819124084724
8 0.4964450295439822 0.26099801731414785 0.016563279087571985 0.028464301839382814
9 0.5381292819143715 0.25952572583969696 0.012698513967138537 0.023556663591213434
3 0.5770529877701653 0.2585441981900631 0.016563279087571915 0.021593608291945614
10 0.6157006389744999 0.25952572583969696 0.017667497693410042 0.023556663591213434
4 0.6532440715729961 0.25903496201488 0.015459060481733787 0.028464301839382814
5 0.6924438320802497 0.25903496201488 0.020980153510924568 0.026501246540114955
15 0.7294351553758269 0.25952572583969696 0.016563279087571773 0.02944582948901676
1 0.7791249926385427 0.25903496201488 0.036439213992658065 0.030427357138650635
0 0.8370964694450442 0.25952572583969696 0.03312655817514383 0.027482774189748867
2 0.8923073997369505 0.25952572583969696 0.03202233956930556 0.027482774189748867
7 0.37691336546200505 0.2992775956498695 0.08668116055829288 0.022575135941579418
6 0.4566931597338097 0.29584224887615096 0.019875934905086295 0.02159360829194558
8 0.49616897489252265 0.2992775956498695 0.017115388390491048 0.022575135941579418
9 0.5370250633085334 0.2978053041754187 0.013802732572976595 0.023556663591213257
3 0.5751206052099487 0.2978053041754187 0.01159429536130034 0.02551971889048108
10 0.6157006389744999 0.29731454035060173 0.01435484187589556 0.026501246540114945
4 0.6529680169215365 0.2982960680002356 0.017115388390490836 0.026501246540115028
5 0.6916156681258712 0.2968237765257848 0.022636481419681616 0.027482774189748867
15 0.7299872646787461 0.2968237765257848 0.01877171629924831 0.0235566635912134
1 0.7791249926385426 0.2978053041754187 0.035334995386820084 0.023556663591213257
0 0.8373725240965036 0.29731454035060173 0.032574448872225006 0.03042735713865057
2 0.8931355636913293 0.29584224887615096 0.03147023026638664 0.025519718890481186
7 0.3774654747649241 0.33706641016077427 0.0888895977699692 0.029445829489016688
6 0.4566931597338096 0.33314029956223884 0.022084372116762556 0.02355666359121301
8 0.4964450295439822 0.33461259103668956 0.01877171629924817 0.02453819124084731
9 0.5381292819143715 0.3331402995622388 0.01601116978465278 0.023556663591213365
3 0.5765008784672463 0.3331402995622388 0.014354841875895587 0.02551971889048126
10 0.6162527482774193 0.3321587719126047 0.01766749769340905 0.025519718890481154
4 0.6532440715729961 0.3336310633870556 0.01877171629924831 0.026501246540115132
5 0.6918917227773305 0.33412182721187267 0.017667497693410042 0.02944582948901676
15 0.7299872646787461 0.33215877191260484 0.01877171629924831 0.025519718890481186
1 0.7796771019414617 0.3336310633870557 0.035334995386820084 0.02453819124084731
0 0.8376485787479632 0.3360848825111404 0.03202233956930584 0.027482774189748937
2 0.8917552904340316 0.3336310633870556 0.028709683751791316 0.026501246540115132
7 0.3730486003415716 0.37289216937241126 0.08226428613494044 0.03631652303645396
6 0.4564171050823495 0.3699475864235099 0.021532262813843402 0.026501246540114817
8 0.4956168655896036 0.3719106417227773 0.013802732572976595 0.02257513594157949
9 0.537853227262912 0.3704383502483266 0.01877171629924824 0.023556663591213365
3 0.5765008784672463 0.3733829331972282 0.015459060481733858 0.025519718890481116
10 0.6151485296715807 0.37092911407314344 0.015459060481733716 0.026501246540115132
4 0.6532440715729961 0.3704383502483266 0.019875934905086295 0.027482774189748937
5 0.6916156681258712 0.37092911407314344 0.02153226281384349 0.03239041243791838
15 0.7297112100272866 0.3699475864235096 0.01711538839049098 0.02453819124084731
1 0.7799531565929212 0.3714198778979605 0.03478288608390102 0.019630552992677793
0 0.8379246333994229 0.3724014055475944 0.03147023026638664 0.021593608291945544
2 0.8912031811311125 0.3714198778979605 0.029813902357629443 0.023556663591213365
7 0.35538110264816153 0.41215327535776686 0.04803350935395862 0.028464301839382814
6 0.4566931597338097 0.40724563710959744 0.02318859072260068 0.022575135941579418
8 0.49672108419544175 0.40822716475923143 0.012698513967138537 0.030427357138650635
9 0.5386813912172905 0.4087179285840483 0.019323825602167232 0.02944582948901676
3 0.5765008784672463 0.4087179285840483 0.015459060481733858 0.025519718890481186
10 0.6165288029288785 0.4106809838833161 0.01711538839049098 0.029445829489016688
4 0.6537961808759153 0.4096994562336822 0.019875934905086438 0.02748277418974901
5 0.69216777742879 0.4106809838833161 0.0204280442080055 0.023556663591213365
15 0.7299872646787461 0.4096994562336822 0.016563279087572057 0.023556663591213434
1 0.7794010472900021 0.40920869240886526 0.03478288608390102 0.028464301839382956
0 0.8376485787479632 0.41019022005849914 0.03202233956930584 0.03239041243791831
2 0.8917552904340315 0.4106809838833161 0.03091812096346743 0.02551971889048126
7 0.3570374305569187 0.5515302016057793 0.04913772795979661 0.02650124654011492
6 0.45558894112797155 0.5476040910072437 0.017667497693410042 0.02453819124084731
8 0.49589292024106313 0.5485856186568776 0.01435484187589573 0.02257513594157949
9 0.5370250633085334 0.5495671463065115 0.014906951178814722 0.02453819124084724
3 0.5759487691643272 0.5500579101313285 0.015459060481733787 0.025519718890481116
10 0.6151485296715807 0.5490763824816944 0.01987593490508637 0.03140888478828451
4 0.6540722355273746 0.5485856186568776 0.0204280442080055 0.030427357138650635
5 0.6924438320802497 0.5510394377809624 0.01877171629924831 0.03140888478828451
15 0.7299872646787461 0.5490763824816945 0.015459060481733644 0.03337194008755233
1 0.7777447193812449 0.5485856186568776 0.038095541901415404 0.03827957833572171
0 0.8373725240965038 0.5505486739561454 0.035887104689739144 0.03827957833572171
2 0.8925834543884101 0.5495671463065115 0.038095541901415404 0.03631652303645396
7 0.3760852015076264 0.5917728352407688 0.08612905125537389 0.02650124654011499
6 0.4555889411279715 0.5878467246422333 0.01877171629924824 0.018649025343043916
8 0.4964450295439822 0.5878467246422332 0.017667497693410042 0.02257513594157956
9 0.5389574458687502 0.5883374884670503 0.016563279087571915 0.025519718890481116
3 0.5762248238157868 0.5903005437663179 0.01601116978465292 0.021593608291945544
10 0.6159766936259594 0.5893190161166841 0.020428044208005217 0.029445829489016688
4 0.6543482901788343 0.5883374884670503 0.02208437211676241 0.027482774189748867
5 0.69216777742879 0.589809779941501 0.013802732572976737 0.026501246540115063
15 0.7299872646787461 0.5888282522918672 0.0176674976934099 0.020612080642311667
1 0.7794010472900019 0.5878467246422333 0.03478288608390102 0.022575135941579418
0 0.8379246333994229 0.590791307591135 0.03699132329557728 0.02650124654011499
2 0.8917552904340316 0.5922635990655857 0.03643921399265821 0.027482774189748867
7 0.36366274219194755 0.6300524135764904 0.06570100704736859 0.028464301839382672
6 0.45641710508235017 0.6256355391531379 0.01711538839049098 0.025519718890481116
8 0.49616897489252265 0.6266170668027717 0.018219606996329105 0.03337194008755226
9 0.537853227262912 0.6266170668027717 0.01987593490508637 0.025519718890481116
3 0.5773290424216249 0.6275985944524057 0.018219606996329105 0.027482774189748937
10 0.6159766936259594 0.6285801221020396 0.020428044208005217 0.023556663591213292
4 0.6537961808759153 0.6295616497516735 0.02208437211676241 0.025519718890481043
5 0.6927198867317091 0.6275985944524058 0.02153226281384349 0.023556663591213223
15 0.7313675379360436 0.6271078306275888 0.020428044208005217 0.028464301839382814
1 0.7788489379870831 0.6280893582772227 0.038095541901415404 0.026501246540115063
0 0.8387527973538015 0.6290708859268566 0.03754343259849634 0.022575135941579418
2 0.8923073997369505 0.6285801221020396 0.0375434325984962 0.027482774189748937
7 0.35427688404232344 0.6693135195618461 0.04582507214228229 0.028464301839382672
6 0.45641710508235017 0.6644058813136766 0.019323825602167232 0.022575135941579276
8 0.4956168655896036 0.6673504642625784 0.017115388390491048 0.02453819124084717
9 0.537853227262912 0.6663689366129444 0.020980153510924426 0.02650124654011492
3 0.5773290424216249 0.6653874089633105 0.020428044208005217 0.026501246540115063
10 0.6162527482774189 0.6663689366129444 0.022084372116762622 0.028464301839382814
4 0.6535201262244555 0.6668597004377613 0.0237407000255196 0.027482774189748795
5 0.6924438320802497 0.6663689366129444 0.020980153510924568 0.02650124654011492
15 0.7305393739816651 0.6673504642625784 0.01877171629924817 0.02650124654011492
1 0.7791249926385426 0.6653874089633104 0.038647651204334464 0.028464301839382672
0 0.839028852005261 0.6658781727881276 0.039199760507253385 0.025519718890481043
2 0.8923073997369505 0.6663689366129444 0.03643921399265821 0.028464301839382814
7 0.3724964910386525 0.7056300425983 0.08116006752910224 0.028464301839382672
6 0.45696921438526916 0.7002316405253137 0.02042804420800529 0.021593608291945402
8 0.49616897489252265 0.7041577511238493 0.02042804420800536 0.027482774189748937
9 0.5386813912172905 0.705139278773483 0.022636481419681543 0.025519718890481043
3 0.5792614249818416 0.7031762234742152 0.022084372116762552 0.027482774189748795
10 0.6184611854890951 0.7046485149486661 0.02318859072260061 0.03239041243791831
4 0.6546243448302939 0.705139278773483 0.023740700025519743 0.025519718890481043
5 0.6918917227773279 0.7036669872990339 0.01877171629924886 0.02846430183938391
15 0.7308154286331245 0.7041577511238493 0.01932382560216709 0.0255197188904809
1 0.7791249926385426 0.7031762234742152 0.04085608841601072 0.027482774189748795
0 0.83958096130818 0.7046485149486661 0.03809554190141526 0.03239041243791831
2 0.8923073997369505 0.7061208064231169 0.0375434325984962 0.027482774189748795
