11 0.3788457480222218 0.21584774543098884 0.12256826524803205 0.03435346773718614
12 0.22315092459904595 0.4013564712117941 0.05852358610942062 0.14821067509471728
13 0.3620064142831903 0.5044168744233526 0.09220225358748359 0.028464301839382956
14 0.22315092459904598 0.5480948548320606 0.05962780471525885 0.1354508156494768
7 0.35731348520837836 0.26050725348933085 0.04968983726271574 0.027482774189748867
6 0.45641710508235017 0.25559961524116137 0.022636481419681616 0.023556663591213323
8 0.49616897489252265 0.25903496201488 0.019323825602167232 0.02650124654011499
9 0.538405336565831 0.26050725348933085 0.01987593490508637 0.029445829489016723
3 0.577329042421625 0.2600164896645139 0.02042804420800536 0.0304273571386506
10 0.6159766936259594 0.26050725348933085 0.019323825602167163 0.03140888478828448
4 0.6532440715729961 0.25903496201488 0.022084372116762552 0.028464301839382814
5 0.69216777742879 0.25952572583969696 0.024844918631357727 0.035334995386820015
15 0.7302633193302054 0.25903496201488 0.02042804420800536 0.030427357138650565
1 0.7791249926385424 0.25707190671561225 0.041960307021848706 0.03239041243791838
0 0.8376485787479632 0.2585441981900631 0.03533499538681994 0.03337194008755226
2 0.8925834543884101 0.2585441981900631 0.03478288608390102 0.03337194008755226
7 0.37470492825032875 0.29731454035060173 0.08226428613494044 0.03435346773718624
6 0.45641710508235017 0.294860721226517 0.024844918631357727 0.025519718890481186
8 0.4969971388469013 0.29584224887615085 0.01987593490508637 0.027482774189748902
9 0.5386813912172905 0.29584224887615085 0.02042804420800536 0.027482774189748902
3 0.5776050970730844 0.2978053041754187 0.02208437211676248 0.027482774189748867
10 0.6165288029288785 0.2978053041754187 0.02042804420800536 0.029445829489016723
4 0.6537961808759153 0.2978053041754187 0.02318859072260068 0.027482774189748867
5 0.6916156681258712 0.30025912329950344 0.02484491863135787 0.028464301839382884
15 0.7310914832845841 0.295351485051334 0.01877171629924817 0.026501246540115098
1 0.7794010472900021 0.29731454035060173 0.0436166349306059 0.028464301839382776
0 0.8373725240965038 0.2978053041754187 0.03478288608390102 0.029445829489016723
2 0.8928595090398695 0.29731454035060173 0.03643921399265821 0.026501246540114955
7 0.3644909061463262 0.3360848825111404 0.0640446791386114 0.027482774189748937
6 0.4558649957794312 0.3316680080877879 0.0248449186313578 0.022575135941579418
8 0.49672108419544175 0.33264953573742173 0.02042804420800543 0.03239041243791831
9 0.5389574458687502 0.33412182721187267 0.02318859072260061 0.031408884788284436
3 0.5765008784672463 0.3336310633870556 0.023188590722600752 0.030427357138650492
10 0.6165288029288785 0.33264953573742184 0.021532262813843416 0.028464301839382814
4 0.6535201262244557 0.3336310633870557 0.023740700025519743 0.026501246540115063
5 0.6924438320802497 0.3346125910366895 0.026501246540115063 0.02650124654011499
15 0.7305393739816651 0.3336310633870556 0.02208437211676241 0.030427357138650492
1 0.7799531565929212 0.3336310633870556 0.04692929074812014 0.028464301839382814
0 0.8382006880508822 0.33559411868632344 0.03533499538681994 0.030427357138650565
2 0.8928595090398695 0.33412182721187256 0.038647651204334325 0.029445829489016688
7 0.35262055613356624 0.3733829331972282 0.04251241632476791 0.027482774189748867
6 0.4550368318250525 0.3704383502483266 0.026501246540115063 0.023556663591213365
8 0.49672108419544175 0.3733829331972282 0.02153226281384356 0.025519718890481116
9 0.5389574458687502 0.37191064172277744 0.02318859072260061 0.02453819124084731
3 0.5767769331187058 0.3719106417227773 0.0248449186313578 0.02650124654011499
10 0.617356966883257 0.3719106417227773 0.023188590722600537 0.03435346773718614
4 0.6529680169215366 0.3724014055475944 0.02484491863135787 0.031408884788284436
5 0.6927198867317093 0.37092911407314344 0.025949137237196 0.03239041243791831
15 0.7308154286331247 0.3733829331972282 0.02484491863135787 0.029445829489016688
1 0.7799531565929212 0.3719106417227773 0.048033509353958406 0.028464301839382814
0 0.8387527973538014 0.3733829331972282 0.03533499538682022 0.029445829489016688
2 0.8928595090398695 0.3728921693724112 0.03754343259849648 0.02846430183938274
7 0.3689077805696786 0.5530024930802301 0.07177420937947822 0.02944582948901662
6 0.4566931597338097 0.5480948548320606 0.029813902357629443 0.027482774189748867
8 0.49672108419544175 0.5500579101313284 0.02153226281384356 0.027482774189748937
9 0.5386813912172905 0.5500579101313284 0.022636481419681543 0.029445829489016688
3 0.5770529877701653 0.5520209654305962 0.024292809328438806 0.03140888478828451
10 0.6157006389744999 0.5520209654305962 0.02318859072260068 0.03140888478828451
4 0.6537961808759153 0.5500579101313285 0.022084372116762552 0.03140888478828451
5 0.6918917227773307 0.5520209654305962 0.02208437211676241 0.03337194008755226
15 0.7297112100272863 0.5520209654305962 0.019323825602167374 0.03140888478828451
1 0.7796771019414614 0.5515302016057793 0.04085608841601058 0.03435346773718614
0 0.8379246333994229 0.5515302016057793 0.036991323295577416 0.03827957833572171
2 0.8923073997369505 0.5510394377809623 0.033126558175143546 0.035334995386820084
7 0.3661472340550833 0.5903005437663179 0.06514889774444946 0.029445829489016688
6 0.4566931597338096 0.5873559608174161 0.03202233956930563 0.025519718890481116
8 0.4964450295439822 0.589809779941501 0.024292809328438806 0.028464301839382814
9 0.538405336565831 0.589809779941501 0.02318859072260061 0.028464301839382814
3 0.5773290424216249 0.5907913075911349 0.025949137237195927 0.028464301839382884
10 0.6165288029288785 0.5903005437663179 0.022636481419681543 0.03140888478828451
4 0.6543482901788343 0.5893190161166841 0.02318859072260068 0.02944582948901676
5 0.6932719960346282 0.5903005437663179 0.025949137237195857 0.029445829489016688
15 0.7302633193302054 0.589809779941501 0.02042804420800536 0.028464301839382814
1 0.7805052658958402 0.5907913075911349 0.0436166349306059 0.030427357138650565
0 0.8384767427023418 0.5907913075911349 0.038095541901415404 0.028464301839382884
2 0.8925834543884101 0.589809779941501 0.03478288608390102 0.028464301839382814
7 0.36255852358610935 0.6300524135764906 0.06349256983569226 0.030427357138650565
6 0.45641710508235006 0.6271078306275888 0.03147023026638657 0.024538191240847097
8 0.49672108419544175 0.6300524135764904 0.02484491863135787 0.028464301839382814
9 0.5381292819143715 0.6295616497516735 0.023740700025519673 0.027482774189748937
3 0.5776050970730845 0.6290708859268564 0.026501246540115066 0.030427357138651242
10 0.6173569668832571 0.6280893582772227 0.024292809328438806 0.03042735713865097
4 0.6540722355273746 0.6275985944524055 0.023740700025519736 0.02944582948901713
5 0.6935480506860882 0.6275985944524058 0.025397027934276794 0.03337194008755191
15 0.730539373981665 0.6280893582772227 0.020980153510924426 0.03239041243791831
1 0.7816094845016783 0.6295616497516735 0.046929290748120425 0.027482774189748937
0 0.8382006880508822 0.6275985944524057 0.038647651204334325 0.031408884788284436
2 0.8934116183427886 0.6290708859268566 0.03533499538681994 0.026501246540115063
7 0.3724964910386525 0.6678412280873952 0.08116006752910224 0.025519718890481043
6 0.45641710508235017 0.6644058813136766 0.032574448872224625 0.028464301839382672
8 0.49672108419544175 0.6678412280873952 0.027053355843034126 0.02944582948901683
9 0.538405336565831 0.6678412280873952 0.02760546514595319 0.02944582948901683
3 0.5776050970730845 0.6663689366129444 0.02760546514595319 0.03239041243791846
10 0.6184611854890951 0.6658781727881273 0.024292809328438806 0.029445829489016688
4 0.6543482901788343 0.6658781727881273 0.024292809328438806 0.029445829489016688
5 0.6932719960346282 0.6683319919122123 0.025949137237195857 0.028464301839382814
15 0.7313675379360436 0.6658781727881276 0.022636481419681616 0.027482774189748795
1 0.7816094845016783 0.6673504642625784 0.048033509353958406 0.02650124654011492
0 0.838476742702342 0.6639151174888596 0.03919976050725353 0.027482774189748937
2 0.8942397822971673 0.6648966451384934 0.03809554190141512 0.027482774189748795
7 0.355105047996702 0.7061208064231169 0.04527296283936316 0.035334995386820084
6 0.4569692143852693 0.7046485149486662 0.03367866747806282 0.02453819124084717
8 0.49589292024106313 0.7061208064231169 0.028709683751791247 0.029445829489016546
9 0.537853227262912 0.706611570247934 0.028709683751791247 0.026501246540115063
3 0.577329042421625 0.7056300425983001 0.027053355843034126 0.028464301839382814
10 0.6184611854890951 0.7041577511238493 0.024292809328438806 0.035334995386820084
4 0.6543482901788343 0.7041577511238493 0.024292809328438806 0.03140888478828458
5 0.6927198867317091 0.7046485149486661 0.0237407000255196 0.028464301839382814
15 0.7316435925875031 0.7021946958245815 0.022084372116762552 0.029445829489016688
1 0.782437648456057 0.7041577511238493 0.049689837262715454 0.023556663591213153
0 0.839028852005261 0.7017039319997644 0.038095541901415404 0.03435346773718607
2 0.8920313450854911 0.7041577511238493 0.03588710468973929 0.035334995386820084
