11 0.3620064142831903 0.21388469013172107 0.09109803498164545 0.0402426336349895
12 0.22232276064466738 0.3989026520877094 0.05907569541233972 0.1472291474450835
13 0.36173035963173084 0.5019630552992678 0.0927543628904026 0.027482774189748937
14 0.22370303390196505 0.545150271883159 0.06073202332109698 0.1393769262480125
7 0.36752750731238093 0.25903496201488 0.07122210007655909 0.030427357138650565
6 0.45503683182505256 0.2555996152411614 0.029813902357629374 0.029445829489016688
8 0.49589292024106313 0.2580534343652461 0.022084372116762552 0.0304273571386506
9 0.5381292819143715 0.25952572583969696 0.019323825602167305 0.029445829489016688
3 0.5762248238157868 0.25903496201488 0.018219606996329032 0.032390412437918424
10 0.6151485296715807 0.25952572583969696 0.015459060481733716 0.03140888478828451
4 0.6532440715729961 0.2580534343652461 0.019875934905086295 0.0304273571386506
5 0.6918917227773307 0.25805343436524614 0.024292809328438948 0.03435346773718617
15 0.7308154286331245 0.25658114289079526 0.02042804420800536 0.03337194008755226
1 0.7807813205472998 0.2555996152411614 0.04306452562768698 0.0372980506860878
0 0.839028852005261 0.2570719067156122 0.03809554190141526 0.03435346773718614
2 0.8917552904340315 0.2575626705404292 0.03202233956930556 0.035334995386820084
7 0.36476696079778564 0.30025912329950344 0.06238835122985407 0.028464301839382884
6 0.455864995779431 0.2968237765257848 0.03367866747806282 0.0235566635912134
8 0.49589292024106313 0.2978053041754187 0.023188590722600752 0.029445829489016723
9 0.5373011179599929 0.2982960680002356 0.020980153510924426 0.028464301839382884
3 0.5767769331187058 0.29976835947468644 0.019323825602167163 0.03140888478828451
10 0.6157006389744999 0.29878683182505256 0.017667497693410042 0.02944582948901676
4 0.6535201262244557 0.2978053041754187 0.02042804420800536 0.03140888478828451
5 0.6918917227773305 0.29731454035060173 0.025397027934276936 0.03435346773718624
15 0.7310914832845842 0.2978053041754187 0.022084372116762552 0.03140888478828451
1 0.7805052658958402 0.2987868318250526 0.044720853536444165 0.03140888478828455
0 0.8398570159596395 0.29584224887615085 0.0375434325984962 0.03140888478828448
2 0.8917552904340315 0.2982960680002356 0.030918120963467573 0.02650124654011499
7 0.36476696079778564 0.33264953573742173 0.06680522565320665 0.030427357138650565
6 0.4542086678706738 0.3346125910366895 0.032574448872224694 0.028464301839382814
8 0.4953408109381441 0.3346125910366895 0.022084372116762552 0.028464301839382814
9 0.5367490086570739 0.33215877191260484 0.022084372116762552 0.023556663591213434
3 0.5770529877701653 0.33412182721187256 0.020980153510924283 0.027482774189748937
10 0.6159766936259593 0.3336310633870556 0.02042804420800536 0.028464301839382814
4 0.6543482901788341 0.33412182721187256 0.020980153510924426 0.027482774189748937
5 0.6916156681258709 0.3346125910366895 0.025949137237196 0.028464301839382814
15 0.7299872646787461 0.3355941186863234 0.023188590722600537 0.030427357138650635
1 0.7807813205472999 0.3336310633870557 0.04637718144520122 0.02453819124084731
0 0.8404091252625585 0.33215877191260484 0.03754343259849648 0.02748277418974908
2 0.8906510718281934 0.33412182721187256 0.030918120963467716 0.029445829489016688
7 0.3730486003415716 0.37485522467167903 0.08336850474077856 0.026501246540115063
6 0.4550368318250524 0.3689660587738757 0.030918120963467573 0.02257513594157949
8 0.49672108419544175 0.3724014055475944 0.023740700025519743 0.027482774189748867
9 0.5381292819143715 0.3719106417227773 0.0248449186313578 0.03239041243791838
3 0.5770529877701653 0.3733829331972282 0.020980153510924283 0.03337194008755219
10 0.6162527482774189 0.3733829331972282 0.019875934905086226 0.029445829489016688
4 0.6543482901788343 0.3714198778979605 0.02208437211676241 0.02944582948901662
5 0.6924438320802495 0.3733829331972282 0.02760546514595319 0.029445829489016688
15 0.7305393739816651 0.3714198778979605 0.02208437211676241 0.025519718890481186
1 0.7799531565929212 0.36700300347460796 0.04803350935395855 0.030427357138650635
0 0.8406851799140181 0.37043835024832655 0.03699132329557728 0.031408884788284436
2 0.891479235782572 0.3714198778979605 0.03147023026638649 0.025519718890481186
7 0.35814164916275687 0.4121532753577668 0.050241946565634736 0.030427357138650492
6 0.45476077717359287 0.4077364009344144 0.03036601166054858 0.021593608291945544
8 0.4969971388469013 0.4106809838833161 0.024292809328438806 0.027482774189748867
9 0.5381292819143715 0.40920869240886515 0.025949137237195927 0.026501246540115132
3 0.5776050970730845 0.4106809838833161 0.020980153510924426 0.023556663591213434
10 0.6162527482774188 0.411171747708133 0.020980153510924426 0.028464301839382814
4 0.6537961808759153 0.4106809838833161 0.019875934905086438 0.02944582948901676
5 0.6924438320802497 0.4106809838833161 0.025397027934277075 0.02944582948901676
15 0.7308154286331247 0.4096994562336821 0.02484491863135787 0.03533499538681994
1 0.7796771019414617 0.4087179285840483 0.04858561865687761 0.035334995386820015
0 0.8415133438683968 0.41019022005849914 0.03754343259849634 0.03239041243791831
2 0.8912031811311124 0.40920869240886515 0.0320223395693057 0.03239041243791838
7 0.3760852015076264 0.5510394377809624 0.08612905125537389 0.02944582948901676
6 0.45614105043089054 0.5490763824816945 0.02208437211676248 0.023556663591213434
8 0.4953408109381441 0.5505486739561454 0.02318859072260068 0.026501246540115063
9 0.5373011179599929 0.5495671463065115 0.020980153510924426 0.02650124654011499
3 0.5759487691643274 0.5495671463065115 0.024292809328438806 0.028464301839382814
10 0.6159766936259594 0.5505486739561454 0.02484491863135787 0.028464301839382814
4 0.6540722355273746 0.5515302016057793 0.0237407000255196 0.028464301839382884
5 0.6924438320802497 0.5530024930802301 0.02208437211676241 0.02944582948901662
15 0.7316435925875032 0.5510394377809624 0.018771716299248026 0.02944582948901676
1 0.7785728833356237 0.5510394377809624 0.041960307021848706 0.03140888478828451
0 0.8401330706110991 0.5520209654305962 0.035887104689739005 0.03140888478828451
2 0.8881665799650577 0.5520209654305962 0.03478288608390088 0.03140888478828451
7 0.3758091468561669 0.589809779941501 0.08668116055829295 0.028464301839382814
6 0.45558894112797155 0.5878467246422332 0.020980153510924426 0.02061208064231181
8 0.49506475628668456 0.589809779941501 0.02153226281384349 0.026501246540115063
9 0.5364729540056143 0.5868651969925993 0.022636481419681543 0.02650124654011499
3 0.5762248238157868 0.5888282522918671 0.0248449186313578 0.02650124654011499
10 0.6154245843230403 0.5883374884670503 0.027053355843034126 0.025519718890481116
4 0.6546243448302937 0.5883374884670503 0.022636481419681474 0.025519718890481116
5 0.69216777742879 0.5893190161166841 0.022636481419681474 0.027482774189748867
15 0.7310914832845842 0.5888282522918671 0.022084372116762552 0.02650124654011499
1 0.7794010472900021 0.589319016116684 0.0436166349306059 0.023556663591213434
0 0.8409612345654778 0.5893190161166841 0.03643921399265821 0.02944582948901676
2 0.8887186892679767 0.5883374884670501 0.035887104689739005 0.027482774189748937
7 0.3760852015076264 0.6305431774013074 0.08944170707288819 0.02944582948901683
6 0.45503683182505256 0.6266170668027717 0.02208437211676248 0.025519718890481116
8 0.49506475628668456 0.6275985944524057 0.02153226281384349 0.031408884788284436
9 0.5359208447026953 0.6295616497516735 0.02484491863135787 0.03140888478828458
3 0.5762248238157869 0.6290708859268566 0.023740700025519743 0.030427357138650565
10 0.6154245843230403 0.6290708859268566 0.028157574448872253 0.030427357138650565
4 0.6546243448302937 0.6300524135764904 0.022636481419681474 0.02650124654011492
5 0.6916156681258709 0.6280893582772227 0.023740700025519743 0.030427357138650565
15 0.7310914832845842 0.6290708859268566 0.023188590722600537 0.030427357138650565
1 0.7788489379870831 0.6290708859268566 0.04582507214228229 0.028464301839382672
0 0.83958096130818 0.6295616497516735 0.03919976050725353 0.027482774189748937
2 0.8889947439194361 0.6300524135764904 0.036439213992658065 0.028464301839382814
7 0.372220436387193 0.6668597004377613 0.0817121768320213 0.029445829489016546
6 0.4544847225221334 0.6639151174888596 0.024292809328438806 0.025519718890481043
8 0.49589292024106313 0.6663689366129444 0.023188590722600752 0.026501246540115063
9 0.5361968993541548 0.6673504642625784 0.02760546514595312 0.02650124654011492
3 0.5767769331187058 0.6673504642625783 0.0248449186313578 0.028464301839382814
10 0.6159766936259593 0.6668597004377613 0.02926179305471038 0.03140888478828458
4 0.6546243448302939 0.6663689366129444 0.023740700025519743 0.028464301839382672
5 0.69216777742879 0.6663689366129444 0.02484491863135787 0.03239041243791846
15 0.7308154286331245 0.6663689366129444 0.025949137237196142 0.028464301839382672
1 0.7791249926385426 0.6673504642625784 0.04637718144520136 0.02650124654011492
0 0.8406851799140181 0.6673504642625783 0.04030397911309151 0.03239041243791831
2 0.8892707985708956 0.6673504642625783 0.035887104689739144 0.028464301839382814
7 0.35427688404232344 0.7041577511238493 0.04582507214228222 0.03337194008755219
6 0.4550368318250524 0.7036669872990322 0.025397027934276863 0.024538191240847027
8 0.49589292024106313 0.7036669872990322 0.02429280932843888 0.030427357138650565
9 0.5364729540056143 0.705139278773483 0.028157574448872184 0.02944582948901683
3 0.5767769331187058 0.705139278773483 0.025949137237195927 0.02944582948901683
10 0.6162527482774189 0.7061208064231169 0.029813902357629516 0.03140888478828458
4 0.6546243448302939 0.7041577511238493 0.025949137237196 0.029445829489016546
5 0.6927198867317093 0.7036669872990322 0.02484491863135787 0.03239041243791846
15 0.7313675379360436 0.7031762234742154 0.025949137237195857 0.03337194008755233
1 0.7802292112443806 0.7017039319997644 0.04637718144520122 0.028464301839382672
0 0.8409612345654776 0.7056300425983001 0.03975186981017245 0.028464301839382814
2 0.8892707985708959 0.7031762234742154 0.03478288608390088 0.027482774189748795
