11 0.3774654747649241 0.2138846901317211 0.11759928152176052 0.03435346773718614
12 0.22453119785634365 0.3984118882628924 0.060179914018177884 0.14428456449618182
13 0.36062614102589263 0.5024538191240848 0.09054592567872617 0.03631652303645397
14 0.223703033901965 0.5466225633576098 0.05962780471525882 0.1403584538976464
7 0.3575895398598378 0.26050725348933085 0.048033509353958476 0.029445829489016723
6 0.4569692143852692 0.25658114289079526 0.02926179305471038 0.02944582948901677
8 0.4975492481498205 0.258544198190063 0.02429280932843875 0.027482774189748822
9 0.5381292819143715 0.25903496201488 0.02042804420800543 0.028464301839382814
3 0.5765008784672463 0.258544198190063 0.023188590722600752 0.03140888478828448
10 0.6157006389744999 0.26050725348933085 0.02208437211676248 0.03140888478828448
4 0.6526919622700771 0.2600164896645139 0.02318859072260068 0.03239041243791838
5 0.6932719960346283 0.26050725348933085 0.023740700025519743 0.03140888478828448
15 0.7297112100272863 0.25903496201488 0.021532262813843347 0.028464301839382814
1 0.7799531565929212 0.258544198190063 0.04361663493060604 0.03140888478828448
0 0.8390288520052609 0.26148878113896473 0.035887104689739144 0.03140888478828448
2 0.8923073997369505 0.26099801731414785 0.030918120963467716 0.028464301839382814
7 0.37470492825032875 0.2982960680002356 0.08668116055829302 0.0304273571386506
6 0.4561410504308906 0.29584224887615096 0.029813902357629443 0.02159360829194558
8 0.49782530280127985 0.2978053041754187 0.022636481419681616 0.027482774189748867
9 0.5381292819143715 0.29731454035060173 0.019323825602167305 0.028464301839382776
3 0.5762248238157869 0.2968237765257848 0.023740700025519743 0.029445829489016688
10 0.6165288029288785 0.2987868318250526 0.021532262813843416 0.029445829489016688
4 0.6524159076186176 0.2978053041754187 0.022636481419681616 0.027482774189748867
5 0.6935480506860878 0.2978053041754187 0.02318859072260082 0.029445829489016723
15 0.7294351553758269 0.29731454035060173 0.019875934905086295 0.028464301839382776
1 0.7796771019414617 0.2978053041754187 0.04527296283936295 0.027482774189748867
0 0.8393049066567204 0.29927759564986955 0.035334995386820084 0.030427357138650635
2 0.8923073997369505 0.2982960680002356 0.0320223395693057 0.0304273571386506
7 0.3636627421919475 0.3365756463359574 0.06349256983569226 0.03239041243791838
6 0.4561410504308906 0.3321587719126049 0.03202233956930556 0.02944582948901676
8 0.4975492481498203 0.3346125910366895 0.02318859072260068 0.02650124654011499
9 0.5375771726114524 0.3346125910366895 0.02042804420800536 0.02650124654011499
3 0.5765008784672463 0.3351033548615065 0.022084372116762622 0.029445829489016688
10 0.6170809122317975 0.33559411868632344 0.0237407000255196 0.03239041243791846
4 0.652139852967158 0.3351033548615065 0.02318859072260068 0.027482774189748867
5 0.6938241053375473 0.33706641016077427 0.022636481419681616 0.03140888478828451
15 0.7291591007243674 0.3346125910366895 0.02042804420800536 0.02846430183938274
1 0.7802292112443807 0.3355941186863234 0.046377181445201074 0.02453819124084724
0 0.8398570159596395 0.3365756463359574 0.038647651204334325 0.030427357138650635
2 0.8917552904340316 0.3351033548615065 0.0320223395693057 0.023556663591213434
7 0.35372477473940445 0.375345988496496 0.041408197718929785 0.027482774189748937
6 0.4566931597338097 0.3699475864235096 0.03423077678098196 0.02257513594157949
8 0.4972731934983608 0.3714198778979605 0.023740700025519673 0.025519718890481186
9 0.5373011179599929 0.3694568225986927 0.022084372116762552 0.02748277418974901
3 0.5770529877701653 0.37092911407314344 0.02318859072260068 0.02846430183938274
10 0.616804857580338 0.37240140554759427 0.025397027934277006 0.029445829489016688
4 0.6529680169215366 0.3728921693724112 0.023740700025519743 0.02846430183938274
5 0.6938241053375473 0.3733829331972282 0.022636481419681616 0.029445829489016688
15 0.7299872646787461 0.3714198778979605 0.02208437211676241 0.02944582948901662
1 0.7802292112443807 0.3719106417227773 0.046377181445201074 0.02650124654011499
0 0.8404091252625586 0.3728921693724112 0.03975186981017259 0.02846430183938274
2 0.8923073997369505 0.3714198778979604 0.033126558175143546 0.031408884788284436
7 0.37111621778135484 0.4116625115329499 0.07839952101450692 0.027482774189748937
6 0.4569692143852692 0.4062641094599635 0.03478288608390102 0.02453819124084733
8 0.49782530280127985 0.4096994562336821 0.023740700025519743 0.027482774189748937
9 0.5375771726114524 0.411171747708133 0.023740700025519673 0.026501246540115063
3 0.5770529877701653 0.411171747708133 0.024292809328438806 0.026501246540115063
10 0.6165288029288785 0.41019022005849903 0.023740700025519673 0.028464301839382884
4 0.6532440715729961 0.4121532753577668 0.024292809328438806 0.030427357138650492
5 0.6941001599890069 0.4087179285840483 0.02318859072260068 0.031408884788284436
15 0.7294351553758268 0.4087179285840483 0.02318859072260068 0.02944582948901662
1 0.7810573751987593 0.4096994562336822 0.04582507214228215 0.025519718890481186
0 0.8406851799140181 0.4082271647592313 0.03699132329557713 0.026501246540115132
2 0.8920313450854911 0.4087179285840483 0.032574448872224625 0.023556663591213365
7 0.36780356196384045 0.5515302016057793 0.07177420937947815 0.03239041243791838
6 0.45752132368818826 0.5480948548320606 0.02484491863135787 0.02944582948901676
8 0.49589292024106313 0.5495671463065115 0.023188590722600752 0.03827957833572171
9 0.5381292819143715 0.5505486739561454 0.02042804420800543 0.03631652303645396
3 0.5762248238157868 0.5510394377809623 0.02153226281384356 0.03729805068608783
10 0.6157006389744999 0.5495671463065115 0.024292809328438806 0.03435346773718621
4 0.6540722355273748 0.5485856186568776 0.02484491863135787 0.03631652303645396
5 0.6927198867317093 0.5505486739561454 0.022636481419681616 0.03631652303645396
15 0.7297112100272863 0.5495671463065115 0.019323825602167374 0.03631652303645396
1 0.7774686647297853 0.5490763824816945 0.045272962839363086 0.035334995386820084
0 0.840133070611099 0.5525117292554131 0.041408197718929785 0.03435346773718614
2 0.8936876729942483 0.5515302016057793 0.03699132329557713 0.03239041243791838
7 0.36311063288902845 0.5903005437663179 0.060179914018177814 0.029445829489016688
6 0.45724526903672846 0.5878467246422333 0.026501246540114983 0.024538191240846937
8 0.4964450295439822 0.5893190161166841 0.024292809328438806 0.02944582948901676
9 0.5373011179599929 0.5873559608174161 0.019875934905086295 0.025519718890481116
3 0.5753966598614082 0.5878467246422332 0.02208437211676248 0.02453819124084717
10 0.6162527482774189 0.5873559608174161 0.025397027934276863 0.03140888478828451
4 0.6549003994817534 0.5883374884670501 0.025397027934276936 0.027482774189748937
5 0.6927198867317093 0.5893190161166841 0.022636481419681616 0.02944582948901676
15 0.7305393739816651 0.5883374884670501 0.01877171629924817 0.027482774189748937
1 0.7788489379870831 0.5883374884670501 0.04582507214228229 0.027482774189748937
0 0.8409612345654778 0.5878467246422332 0.04196030702184885 0.02453819124084717
2 0.8939637276457078 0.5883374884670501 0.036439213992658065 0.027482774189748937
7 0.36421485149486654 0.632506232700575 0.0634925698356922 0.027482774189748937
6 0.45641710508235017 0.6251447753283209 0.027053355843034126 0.03239041243791846
8 0.49616897489252265 0.6290708859268566 0.025949137237196 0.03435346773718607
9 0.5384053365658308 0.6271078306275888 0.01987593490508636 0.03631652303645405
3 0.5756727145128678 0.627598594452406 0.023740700025519736 0.033371940087552045
10 0.616252748277419 0.6285801221020398 0.025397027934276853 0.03140888478828444
4 0.6549003994817534 0.6290708859268566 0.02318859072260068 0.030427357138650565
5 0.6932719960346283 0.6300524135764904 0.023740700025519743 0.03631652303645396
15 0.7302633193302056 0.627107830627589 0.02042804420800536 0.030427357138650534
1 0.7780207740327046 0.6290708859268566 0.04306452562768683 0.030427357138650565
0 0.8387527973538014 0.6261263029779549 0.03864765120433461 0.03239041243791838
2 0.89258345438841 0.6290708859268566 0.035887104689739144 0.030427357138650565
7 0.3738767642959502 0.6683319919122123 0.07950373962034511 0.03239041243791831
6 0.455312886476512 0.6648966451384934 0.025949137237196 0.023556663591213292
8 0.49616897489252265 0.6673504642625783 0.027053355843034126 0.028464301839382814
9 0.538405336565831 0.6683319919122123 0.020980153510924426 0.028464301839382814
3 0.5759487691643274 0.6688227557370291 0.024292809328438806 0.03140888478828453
10 0.616804857580338 0.6678412280873952 0.025397027934277006 0.027482774189748795
4 0.6549003994817534 0.6658781727881273 0.024292809328438806 0.025519718890481043
5 0.6938241053375472 0.6678412280873952 0.023740700025519885 0.027482774189748795
15 0.7297112100272863 0.6688227557370291 0.021532262813843347 0.029445829489016546
1 0.7780207740327043 0.6663689366129444 0.04416874423352496 0.028464301839382672
0 0.8393049066567204 0.6634243536640427 0.03975186981017259 0.028464301839382814
2 0.8936876729942483 0.6653874089633105 0.03699132329557713 0.028464301839382814
7 0.3548289933452425 0.7046485149486662 0.044720853536444095 0.030427357138650565
6 0.45476077717359287 0.7017039319997644 0.028157574448872184 0.024538191240847027
8 0.49616897489252265 0.7046485149486662 0.02484491863135787 0.02453819124084717
9 0.538405336565831 0.7017039319997644 0.02208437211676248 0.026501246540115063
3 0.5753966598614082 0.7036669872990322 0.024292809328438806 0.030427357138650565
10 0.616804857580338 0.7021946958245815 0.025397027934277006 0.03337194008755219
4 0.6549003994817534 0.7026854596493984 0.025397027934276936 0.03435346773718621
5 0.6941001599890068 0.7041577511238493 0.02539702793427665 0.035334995386820084
15 0.7294351553758269 0.705139278773483 0.020980153510924426 0.02944582948901683
1 0.7788489379870831 0.7036669872990322 0.044720853536444026 0.030427357138650565
0 0.8398570159596395 0.7046485149486662 0.039751869810172306 0.030427357138650565
2 0.8928595090398703 0.7036669872990319 0.03975186981017231 0.03239041243791816
