11 0.3777415294163836 0.21682927308062275 0.12367248385387014 0.03435346773718614
12 0.22287486994758646 0.40037494356216025 0.0623883512298541 0.14428456449618182
13 0.36117825032881173 0.5000000000000001 0.09717123731375515 0.031408884788284436
14 0.22315092459904598 0.544659508058342 0.06073202332109691 0.1383953985983785
7 0.3564853212539997 0.2585441981900631 0.050241946565634805 0.027482774189748867
6 0.4575213236881883 0.2555996152411614 0.028157574448872184 0.033371940087552225
8 0.4967210841954418 0.25903496201488 0.022636481419681616 0.03435346773718614
9 0.5378532272629123 0.25805343436524625 0.02208437211676248 0.03239041243791807
3 0.5759487691643274 0.25903496201488 0.022084372116762622 0.032390412437918265
10 0.6157006389745001 0.25952572583969685 0.023188590722600683 0.03533499538682
4 0.6529680169215368 0.26001648966451396 0.022636481419681605 0.03239041243791836
5 0.6921677774287903 0.25952572583969696 0.029261793054710116 0.03337194008755236
15 0.7305393739816652 0.25756267054042914 0.02650124654011507 0.03140888478828454
1 0.7799531565929212 0.25903496201488 0.04692929074812014 0.03435346773718614
0 0.8393049066567202 0.25756267054042914 0.03754343259849632 0.035334995386819903
2 0.8953440009030054 0.258544198190063 0.03147023026638664 0.03140888478828448
7 0.37525703755324785 0.2982960680002356 0.08557694195245481 0.02650124654011499
6 0.45724526903672874 0.29633301270096785 0.028709683751791316 0.024538191240847277
8 0.4964450295439822 0.2978053041754187 0.019875934905086295 0.02551971889048108
9 0.5375771726114524 0.2968237765257848 0.02042804420800536 0.0235566635912134
3 0.5762248238157868 0.2968237765257848 0.022636481419681685 0.02551971889048108
10 0.6157006389745 0.29731454035060173 0.024292809328438737 0.028464301839382745
4 0.6526919622700771 0.29584224887615085 0.02318859072260068 0.027482774189748902
5 0.6924438320802495 0.2968237765257848 0.028709683751791032 0.027482774189748867
15 0.7310914832845841 0.2968237765257848 0.027605465145952905 0.027482774189748867
1 0.7810573751987593 0.29731454035060173 0.048033509353958406 0.024538191240847204
0 0.83958096130818 0.2982960680002356 0.03809554190141526 0.02650124654011499
2 0.8945158369486268 0.295351485051334 0.03312655817514383 0.026501246540115098
7 0.36255852358610935 0.3360848825111404 0.06128413262401594 0.029445829489016688
6 0.45807343299110737 0.3321587719126049 0.029261793054710238 0.023556663591213365
8 0.4964450295439823 0.3331402995622388 0.022084372116762552 0.02748277418974901
9 0.5386813912172905 0.3331402995622388 0.02153226281384349 0.025519718890481186
3 0.5765008784672463 0.3321587719126049 0.023188590722600752 0.02944582948901676
10 0.6159766936259594 0.3346125910366895 0.023740700025519743 0.030427357138650635
4 0.6537961808759153 0.33412182721187256 0.026501246540115063 0.029445829489016688
5 0.6929959413831688 0.3351033548615065 0.029813902357629443 0.03140888478828451
15 0.7308154286331243 0.33264953573742184 0.02926179305471038 0.028464301839382807
1 0.7816094845016783 0.3331402995622388 0.05024194656563466 0.025519718890481186
0 0.8393049066567204 0.3351033548615065 0.04085608841601043 0.029445829489016688
2 0.8950679462515458 0.3331402995622388 0.03423077678098196 0.02944582948901662
7 0.35400082939086386 0.3733829331972282 0.04637718144520129 0.03140888478828451
6 0.45614105043089026 0.36749376729942496 0.028709683751791303 0.021593608291945746
8 0.49672108419544175 0.37289216937241126 0.023740700025519673 0.02257513594157956
9 0.5386813912172905 0.3719106417227773 0.02484491863135787 0.02650124654011499
3 0.5770529877701653 0.3719106417227773 0.024292809328438806 0.030427357138650492
10 0.6162527482774189 0.37387369702204515 0.020980153510924353 0.030427357138650565
4 0.6537961808759153 0.3728921693724112 0.026501246540115063 0.030427357138650635
5 0.6941001599890069 0.3733829331972282 0.029813902357629443 0.03140888478828451
15 0.7310914832845842 0.3714198778979604 0.03091812096346743 0.031408884788284436
1 0.7818855391531379 0.3699475864235096 0.05079405586855359 0.030427357138650565
0 0.8393049066567204 0.3704383502483266 0.04085608841601043 0.027482774189748937
2 0.8950679462515458 0.3719106417227773 0.03423077678098196 0.028464301839382814
7 0.3686317259182191 0.5510394377809624 0.07343053728823541 0.03140888478828451
6 0.45558894112797155 0.5480948548320606 0.025397027934276936 0.03140888478828451
8 0.49616897489252265 0.5505486739561454 0.028157574448872184 0.028464301839382814
9 0.5381292819143715 0.5500579101313284 0.023740700025519673 0.029445829489016688
3 0.5770529877701653 0.5510394377809624 0.02318859072260068 0.03140888478828451
10 0.6162527482774189 0.5505486739561454 0.02208437211676248 0.03239041243791838
4 0.6546243448302939 0.5505486739561454 0.02153226281384349 0.03435346773718621
5 0.6929959413831688 0.5500579101313284 0.020980153510924426 0.035334995386820084
15 0.7308154286331245 0.5476040910072437 0.0237407000255196 0.03239041243791838
1 0.7802292112443808 0.5471133271824268 0.045272962839363086 0.03337194008755226
0 0.8404091252625586 0.5485856186568776 0.035334995386820084 0.03239041243791838
2 0.8945158369486268 0.5480948548320606 0.03312655817514383 0.03140888478828451
7 0.36945988987259765 0.5907913075911349 0.07177420937947822 0.030427357138650565
6 0.4558649957794312 0.589319016116684 0.0248449186313578 0.025519718890481186
8 0.4958929202410632 0.5883374884670501 0.029813902357629443 0.027482774189748937
9 0.5381292819143715 0.5878467246422332 0.023740700025519673 0.028464301839382814
3 0.5776050970730844 0.5883374884670501 0.02318859072260061 0.029445829489016688
10 0.6162527482774189 0.5888282522918671 0.02208437211676248 0.028464301839382814
4 0.6540722355273748 0.5888282522918671 0.023740700025519743 0.028464301839382814
5 0.6935480506860878 0.5883374884670501 0.02208437211676241 0.03337194008755233
15 0.7310914832845842 0.5873559608174163 0.024292809328438806 0.03337194008755233
1 0.7799531565929212 0.5878467246422332 0.04582507214228215 0.028464301839382814
0 0.8406851799140181 0.5888282522918671 0.035887104689739005 0.030427357138650635
2 0.8939637276457078 0.5893190161166841 0.033126558175143685 0.03140888478828451
7 0.36504301544924517 0.6305431774013074 0.06404467913861132 0.0314088847882843
6 0.4564171050823502 0.6256355391531379 0.025949137237195927 0.025519718890481262
8 0.49616897489252265 0.6290708859268566 0.03147023026638657 0.030427357138650565
9 0.537853227262912 0.6290708859268566 0.026501246540115132 0.030427357138650565
3 0.577881151724544 0.6285801221020396 0.023740700025519673 0.027482774189748795
10 0.616804857580338 0.6280893582772227 0.024292809328438664 0.030427357138650492
4 0.655728563436132 0.6290708859268566 0.023740700025519743 0.028464301839382672
5 0.6935480506860878 0.6280893582772227 0.020980153510924426 0.030427357138650492
15 0.7313675379360437 0.6275985944524057 0.02484491863135787 0.031408884788284436
1 0.7802292112443807 0.6295616497516735 0.046377181445201074 0.029445829489016546
0 0.8406851799140179 0.6275985944524058 0.03809554190141526 0.02944582948901662
2 0.8939637276457078 0.6275985944524057 0.03423077678098196 0.027482774189748937
7 0.37360070964449066 0.6673504642625783 0.08336850474077856 0.03239041243791831
6 0.4564171050823502 0.6639151174888596 0.025949137237195927 0.025519718890481043
8 0.49672108419544175 0.6663689366129444 0.032574448872224694 0.028464301839382672
9 0.5375771726114524 0.6673504642625784 0.02926179305471031 0.030427357138650565
3 0.5784332610274631 0.6648966451384937 0.02484491863135787 0.031408884788284436
10 0.6162527482774189 0.6653874089633105 0.024292809328438806 0.03239041243791831
4 0.6560046180875915 0.6653874089633105 0.025397027934276936 0.030427357138650565
5 0.6929959413831688 0.6639151174888596 0.024292809328438806 0.029445829489016546
15 0.7310914832845841 0.6639151174888596 0.027605465145952905 0.029445829489016546
1 0.7805052658958402 0.6648966451384934 0.04692929074812014 0.027482774189748795
0 0.8404091252625585 0.6653874089633105 0.038647651204334325 0.030427357138650565
2 0.8942397822971674 0.6644058813136766 0.03478288608390116 0.028464301839382672
7 0.35400082939086386 0.7031762234742154 0.04637718144520129 0.027482774189748795
6 0.4561410504308906 0.7021946958245815 0.025397027934276794 0.025519718890481043
8 0.49727319349836085 0.7046485149486661 0.03367866747806289 0.028464301839382814
9 0.5375771726114524 0.7036669872990322 0.02926179305471031 0.02846430183938253
3 0.5781572063760035 0.7036669872990322 0.024292809328438737 0.03239041243791846
10 0.6170809122317976 0.7041577511238493 0.02484491863135787 0.03337194008755219
4 0.656280672739051 0.7021946958245815 0.025949137237196 0.029445829489016688
5 0.6943762146404663 0.7017039319997644 0.024844918631357727 0.03435346773718607
15 0.7316435925875031 0.6997408767004967 0.02760546514595319 0.030427357138650565
1 0.7810573751987593 0.7026854596493983 0.044720853536444026 0.028464301839382814
0 0.840133070611099 0.7021946958245815 0.038095541901415404 0.029445829489016688
2 0.8931355636913293 0.7021946958245813 0.035887104689739005 0.027482774189748795
