11 0.3627523752969121 0.2149643705463183 0.09753562945368173 0.04038004750593821
12 0.22346347980997627 0.4026128266033254 0.06212885985748219 0.14964370546318292
13 0.3614162707838479 0.5029691211401425 0.09219121140142515 0.03681710213776718
14 0.22346347980997625 0.5457244655581949 0.06346496437054633 0.13420427553444192
7 0.3737752375296913 0.2577197149643705 0.0848426365795725 0.03087885985748219
6 0.45694774346793354 0.25534441805225655 0.01736935866983366 0.02375296912114013
8 0.49502672209026133 0.2577197149643705 0.022713776722090344 0.028503562945368197
9 0.5377820665083135 0.2589073634204276 0.0187054631828979 0.030878859857482226
3 0.5755270190023754 0.2577197149643705 0.018037410926365852 0.03087885985748219
10 0.6152761282660333 0.2577197149643705 0.020041567695962003 0.03562945368171018
4 0.6520190023752969 0.2589073634204276 0.02004156769596193 0.02850356294536816
5 0.692102137767221 0.258313539192399 0.022713776722090274 0.03444180522565318
15 0.7308491686460807 0.25653206650831356 0.02137767220902617 0.030878859857482226
1 0.7792829572446556 0.25534441805225655 0.03807897862232778 0.03325415676959622
0 0.8404097387173397 0.25950118764845603 0.0387470308788599 0.03681710213776721
2 0.893519893111639 0.258313539192399 0.03807897862232778 0.03444180522565318
7 0.37511134204275537 0.2980997624703088 0.08484263657957243 0.026128266033254164
6 0.4579498218527316 0.29691211401425177 0.020709619952494124 0.02375296912114013
8 0.4954788382638739 0.29702008205571157 0.023078168862016853 0.03239041243791835
9 0.5385985748218528 0.29971928309220475 0.020648887929172945 0.026992010364931963
3 0.5765560893975383 0.2991794428849061 0.02247084862880577 0.03239041243791835
10 0.6154245843230403 0.29594040164111424 0.01882692722954019 0.028071690779529205
4 0.6530784387821206 0.2975599222630102 0.020041567695962072 0.02915137119412659
5 0.6919469337076225 0.29702008205571157 0.02247084862880598 0.03239041243791835
15 0.7308154286331245 0.29648024184841293 0.02004156769596193 0.029151371194126554
1 0.7790973871733966 0.29594040164111424 0.036439213992658495 0.025912329950334722
0 0.8407403908443101 0.2986396026776075 0.038261174692291317 0.026992010364932036
2 0.8935772511336643 0.29809976247030884 0.03704653422586915 0.025912329950334722
7 0.37583675232131286 0.3331893759447203 0.08866875404880155 0.03131073202332111
6 0.45782498380479375 0.33480889656661633 0.024292809328438664 0.025912329950334795
8 0.4954788382638739 0.3358885769812136 0.021863528395594897 0.028071690779529347
9 0.5373839343554307 0.33480889656661633 0.023078168862016853 0.025912329950334795
3 0.5765560893975383 0.33480889656661633 0.024900129561649748 0.025912329950334795
10 0.6160319045562512 0.3342690563593177 0.020041567695962003 0.029151371194126446
4 0.6536857590153314 0.33264953573742173 0.021256208162383956 0.025912329950334614
5 0.6922505938242278 0.33264953573742173 0.025507449794860547 0.025912329950334614
15 0.7302081083999137 0.3348088965666164 0.02004156769596193 0.030231051608723795
1 0.7797047074066077 0.3342690563593177 0.03886849492550184 0.029151371194126446
0 0.8407403908443101 0.33372921615201906 0.04069045562513466 0.025912329950334653
2 0.8932735910170586 0.33534873677391497 0.03765385445908023 0.031310732023321
7 0.3724964910386525 0.37313755128481974 0.07834431008421504 0.03131073202332104
6 0.4572176635715828 0.36557978838263877 0.024292809328438806 0.024832649535737515
8 0.4957824983804794 0.37313755128481974 0.02125620816238403 0.02699201036493193
9 0.5382949147052473 0.3688188296264306 0.023685489095227722 0.026992010364931998
3 0.5765560893975383 0.3709781904556252 0.02247084862880577 0.02699201036493193
10 0.6151209242064349 0.37205787087022246 0.015790326063485197 0.02699201036493207
4 0.6536857590153314 0.3698985100410279 0.021256208162383956 0.029151371194126554
5 0.6919469337076225 0.3715180306629238 0.024900129561649748 0.036709134096307564
15 0.7296007881667026 0.3709781904556252 0.018826927229539905 0.03131073202332111
1 0.7787937270567913 0.37205787087022246 0.0382611746922909 0.026992010364931898
0 0.8401330706110984 0.3720578708702223 0.04190509609155732 0.024832649535737335
2 0.8938809112502699 0.37043835024832655 0.036439213992658065 0.028071690779529205
7 0.35397322392571795 0.41092636579572456 0.04737097819045566 0.03347009285251566
6 0.45691400345497724 0.40876700496652996 0.02490012956164982 0.02699201036493193
8 0.49578249838047933 0.41038652558842587 0.023685489095227722 0.03239041243791831
9 0.5382949147052473 0.40876700496652985 0.02490012956164982 0.03131073202332111
3 0.5774670697473548 0.41146620600302314 0.021863528395594897 0.03239041243791838
10 0.6151209242064349 0.40876700496653 0.015790326063485197 0.029151371194126554
4 0.6530784387821206 0.41038652558842587 0.020041567695962072 0.028071690779529278
5 0.6919469337076225 0.4120060462103218 0.023685489095227864 0.02699201036493207
15 0.7305117685165192 0.40984668538112723 0.01943424746275113 0.024832649535737373
1 0.7781864068235801 0.41038652558842587 0.03947581515871292 0.025912329950334722
0 0.8407403908443101 0.4109263657957245 0.04069045562513466 0.03131073202332104
2 0.8932735910170588 0.40984668538112723 0.03643921399265821 0.029151371194126485
7 0.3670306089397538 0.5512848196933707 0.06862718635283954 0.026992010364931998
6 0.4575213236881882 0.548045778449579 0.026114770028071704 0.024832649535737515
8 0.4973007989635069 0.5485856186568776 0.023078168862016853 0.030231051608723903
9 0.5395095551716692 0.548045778449579 0.023685489095227937 0.029151371194126627
3 0.5762524292809329 0.5485856186568776 0.026722090261282715 0.030231051608723903
10 0.6166392247894623 0.5496652990714749 0.021256208162384098 0.03023105160872383
4 0.6530784387821206 0.5491254588641762 0.027329410494493656 0.03131073202332111
5 0.692250593824228 0.5502051392787735 0.02186352839559504 0.03131073202332111
15 0.7305117685165192 0.5485856186568776 0.01943424746275113 0.03239041243791838
1 0.7784900669401855 0.5485856186568776 0.04129777585834603 0.03239041243791838
0 0.8401330706110991 0.5518246599006694 0.03461725329302538 0.03023105160872383
2 0.8887186892679769 0.5507449794860717 0.04190509609155724 0.03239041243791844
2 0.8917552904340316 0.5340099330598143 0.003036601166054709 0.001079680414597277
7 0.36611962858993735 0.5917728352407687 0.06437594472036282 0.028071690779529205
6 0.45691400345497724 0.5869142733750811 0.02490012956164982 0.02699201036493207
8 0.4966934787302958 0.5896134744115742 0.021863528395594755 0.028071690779529205
9 0.5395095551716692 0.5858345929604838 0.023685489095227937 0.02699201036493207
3 0.5768597495141438 0.5885337939969769 0.02793673072770467 0.03023105160872383
10 0.6157282444396458 0.5874541135823796 0.021863528395594897 0.03454977326711294
4 0.6533820988987259 0.5869142733750811 0.026722090261282715 0.029151371194126627
5 0.6928579140574391 0.5869142733750811 0.020648887929173014 0.03131073202332111
15 0.7305117685165192 0.5863744331677824 0.02064888792917273 0.030231051608723903
1 0.7784900669401859 0.5890736342042756 0.04251241632476777 0.03131073202332111
0 0.8401330706110991 0.5885337939969769 0.03461725329302538 0.028071690779529278
2 0.889022349384582 0.5885337939969769 0.04251241632476806 0.028071690779529278
7 0.363994007773699 0.6301014899589721 0.06255398402072984 0.02915137119412641
6 0.4566103433383718 0.6295616497516735 0.026722090261282645 0.021593608291945687
8 0.4973007989635069 0.6284819693370763 0.023078168862016853 0.030231051608723903
9 0.5389022349384581 0.6268624487151802 0.02611477002807163 0.035629453681710145
3 0.5777707298639602 0.6263226085078817 0.028544050960915543 0.028071690779529278
10 0.6154245843230403 0.6290218095443748 0.021256208162383813 0.031310732023320895
4 0.6530784387821206 0.6279421291297775 0.02490012956164989 0.03347009285251545
5 0.6925542539408335 0.6263226085078817 0.021256208162383956 0.028071690779529278
15 0.7308154286331245 0.6268624487151803 0.02125620816238367 0.029151371194126554
1 0.7775790865903689 0.6279421291297776 0.043119736557978704 0.02699201036493183
0 0.840133070611099 0.6252429280932844 0.03583189375944698 0.03239041243791846
2 0.8893260095011877 0.6247030878859857 0.04190509609155711 0.03131073202332118
7 0.37401479162168 0.6678903044698771 0.08623947311595771 0.029151371194126485
6 0.45661034333837186 0.6641114230187865 0.02550744979486069 0.025912329950334653
8 0.4969971388469013 0.666270783847981 0.024900129561649678 0.028071690779529063
9 0.5382949147052473 0.6657309436406825 0.02490012956164982 0.02699201036493193
3 0.5777707298639602 0.6646512632260851 0.028544050960915543 0.029151371194126627
10 0.6163355646728569 0.6651911034333837 0.02186352839559497 0.03023105160872376
4 0.6533820988987259 0.6651911034333838 0.02550744979486083 0.025912329950334653
5 0.6931615741740444 0.6635715828114879 0.021256208162383956 0.03347009285251545
15 0.7314227488663354 0.6641114230187865 0.021256208162383956 0.025912329950334653
1 0.7784900669401857 0.6651911034333838 0.043727056791189794 0.028071690779529347
0 0.8404367307277044 0.6657309436406825 0.036439213992658065 0.03347009285251559
2 0.8887186892679766 0.6641114230187866 0.04190509609155697 0.03023105160872376
7 0.35518786439213995 0.705139278773483 0.04737097819045566 0.034549773267112865
6 0.45600302310516083 0.7029799179442887 0.024292809328438737 0.02375296912114024
8 0.4969971388469013 0.7040595983588858 0.023685489095227937 0.02807169077952949
9 0.5382949147052473 0.7024400777369899 0.02490012956164982 0.031310732023321325
3 0.5771634096307493 0.7035197581515871 0.02611477002807163 0.031310732023320895
10 0.6169428849060679 0.7024400777369899 0.023078168862016923 0.031310732023321325
4 0.6530784387821206 0.7035197581515871 0.026114770028071773 0.03347009285251573
5 0.69346523429065 0.7029799179442884 0.020648887929173014 0.03239041243791831
15 0.7320300690995464 0.7019002375296912 0.021256208162383956 0.036709134096307564
1 0.7797047074066075 0.7040595983588858 0.043727056791189794 0.02807169077952949
0 0.8407403908443101 0.7056791189807816 0.03704653422586901 0.031310732023321325
2 0.8911479702008205 0.7067587993953791 0.04554901749082291 0.03347009285251588
