11 0.3360053440213761 0.16165494903402738 0.11088844355377421 0.04383863024651589
12 0.16967267869071478 0.4144120515490956 0.06813627254509019 0.1959038789141179
13 0.3550434201736807 0.550722792471856 0.14762859051436206 0.04383863024651589
14 0.1706746826987308 0.6130558448536207 0.07014028056112225 0.19316396452371065
7 0.3507189686159174 0.22056310842778207 0.09882926383696107 0.04109871585610823
6 0.4482297929191718 0.21782319403737585 0.029392117568470287 0.04109871585610869
8 0.49432197728790916 0.22193306562298673 0.024048096192384776 0.04383863024651589
9 0.5454241816967268 0.22124808702538495 0.018036072144288512 0.0369888442704978
3 0.5888443553774215 0.21919315123257951 0.020708082832331415 0.04109871585610865
10 0.6372745490981964 0.21987812983018132 0.018704074816299324 0.04246867305131225
4 0.6826987307949232 0.21850817263497768 0.024048096192384776 0.0369888442704978
5 0.7294589178356713 0.21987812983018132 0.03072812291249164 0.03972875866090504
15 0.772879091516366 0.21987812983018132 0.02004008016032074 0.03972875866090504
1 0.8289913159652639 0.21850817263497768 0.046760187040748066 0.0369888442704978
0 0.9034736138944556 0.21850817263497768 0.054108216432865675 0.03972875866090501
2 0.9659318637274549 0.22056310842778312 0.04943219772879104 0.038358801465701406
7 0.351492845217332 0.2753613962359268 0.10128952666619648 0.03835880146570109
6 0.44923179692718773 0.2678266316623081 0.03006012024048097 0.03424892988009056
8 0.4953239812959252 0.27262148184552076 0.02204408817635276 0.027399143904072467
9 0.5444221776887107 0.2698815674551135 0.024048096192384703 0.03013905829447971
3 0.5898463593854376 0.2712515246503171 0.018704074816299324 0.030139058294479673
10 0.6379425517702071 0.27056654605271535 0.018704074816299255 0.031509015489683316
4 0.6833667334669338 0.2712515246503171 0.021376085504341943 0.030139058294479673
5 0.7297929191716768 0.2712515246503171 0.02605210420841672 0.03561888707529423
15 0.7735470941883767 0.2705665460527153 0.018704074816299255 0.03424892988009056
1 0.8289913159652639 0.27262148184552076 0.04408817635270537 0.030139058294479673
0 0.9038076152304609 0.2746764176383262 0.05076820307281224 0.03424892988009056
2 0.96626586506346 0.2719365032479189 0.05010020040080164 0.03698884427049784
7 0.3538472341171637 0.32741976965366404 0.10593278627468367 0.04109871585610823
6 0.44756179024716103 0.31577513349443487 0.026720106880427537 0.02602918670886883
8 0.4963259853039412 0.3219399408728511 0.02004008016032067 0.035618887075294196
9 0.5450901803607214 0.3219399408728511 0.024048096192384776 0.03835880146570144
3 0.591182364729459 0.32330989806805477 0.0200400801603206 0.038358801465701406
10 0.6386105544422178 0.32262491947045296 0.0200400801603206 0.02876910109927604
4 0.6837007348029391 0.32125496227524936 0.024716098864395377 0.0369888442704978
5 0.7304609218436875 0.32262491947045296 0.026052104208416863 0.03424892988009052
15 0.7745490981963928 0.3219399408728511 0.023380093520374175 0.03835880146570144
1 0.8303273213092852 0.32399487666565663 0.046760187040748066 0.03424892988009056
0 0.904809619238477 0.3239948766656566 0.04742818971275895 0.03972875866090504
2 0.9672678690714762 0.3246798552632584 0.04943219772879104 0.03835880146570137
7 0.35418123545316943 0.3787931644737986 0.10660078894669517 0.03698884427049764
6 0.44889779559118237 0.3705734213025797 0.026720106880427537 0.028769101099276072
8 0.49699398797595196 0.3753682714857923 0.021376085504342016 0.041098715856108685
9 0.5447561790247161 0.3753682714857923 0.024716098864395377 0.03561888707529413
3 0.5918503674014697 0.37673822868099605 0.021376085504341943 0.038358801465701406
10 0.6379425517702071 0.37673822868099605 0.018704074816299255 0.038358801465701406
4 0.6837007348029392 0.3746832928881906 0.02738810955243821 0.03698884427049776
5 0.7294589178356713 0.3739983142905888 0.026720106880427464 0.038358801465701406
15 0.7738810955243821 0.3760532500833942 0.020708082832331342 0.03698884427049776
1 0.8306613226452906 0.37262835709538517 0.047428189712758806 0.03013905829447964
0 0.9044756179024717 0.3753682714857923 0.045424181696726865 0.038358801465701406
2 0.9676018704074815 0.376738228680996 0.05010020040080164 0.035618887075294196
7 0.3553054929383827 0.42811162350112675 0.10836029000833064 0.0424686730513119
6 0.44889779559118237 0.4219468161227155 0.026720106880427537 0.03287897268488692
8 0.4963259853039412 0.4294815806963354 0.022712090848363432 0.03698884427049776
9 0.5450901803607214 0.42674166630592825 0.028056112224448954 0.03698884427049776
3 0.5905143620574482 0.42879660209873366 0.024048096192384776 0.04109871585610861
10 0.6382765531062123 0.4294815806963355 0.018036072144288654 0.04246867305131225
4 0.6833667334669339 0.42674166630592825 0.028056112224448954 0.03424892988009056
5 0.7297929191716768 0.4281116235011318 0.02605210420841672 0.04246867305131225
15 0.7752171008684035 0.42742664490353005 0.020708082832331342 0.038358801465701406
1 0.8313293253173012 0.4246867305131228 0.046092184368737465 0.038358801465701406
0 0.9034736138944556 0.4260566877083264 0.04742818971275895 0.041098715856108685
2 0.9676018704074817 0.42879660209873366 0.05143620574482299 0.035618887075294196
7 0.3316633266533065 0.6199056308296386 0.0634602538410152 0.045208587441719426
6 0.44889779559118237 0.6144258020488245 0.02004008016032067 0.03698884427049784
8 0.4943219772879091 0.6192206522320371 0.02271209084836336 0.035618887075294196
9 0.5454241816967268 0.6199056308296389 0.02471609886439552 0.03972875866090497
3 0.5888443553774215 0.6219605666224443 0.026052104208416863 0.04383863024651582
10 0.636940547762191 0.6205906094272406 0.020708082832331273 0.04383863024651582
4 0.6833667334669338 0.6205906094272408 0.021376085504341943 0.04109871585610854
5 0.7281229124916498 0.6226455452200461 0.018704074816299255 0.04520858744171953
15 0.772879091516366 0.6171657164392316 0.026720106880427606 0.04520858744171953
1 0.8313293253173012 0.6178506950368334 0.0394121576486306 0.041098715856108685
0 0.9024716098864396 0.6151107806464262 0.03740814963259851 0.052058373417737516
2 0.9679358717434868 0.6178506950368334 0.03607214428857716 0.04931845902733031
7 0.35203740814963247 0.6760738758329861 0.10287241148964567 0.03698884427049765
6 0.44889779559118237 0.6699090684545712 0.02271209084836336 0.02739914390407236
8 0.4956579826319305 0.6719640042473765 0.024048096192384776 0.028769101099276072
9 0.5450901803607215 0.6726489828449783 0.02538410153640612 0.035618887075294196
3 0.5895123580494321 0.6753888972353854 0.026052104208416863 0.03287897268488692
10 0.637942551770207 0.6753888972353854 0.021376085504342016 0.03287897268488692
4 0.6837007348029391 0.6747039186377838 0.022044088176352686 0.034248929880090484
5 0.7284569138276552 0.674018940040182 0.019372077488309998 0.038358801465701475
15 0.7742150968603875 0.6733339614425802 0.026720106880427606 0.03698884427049776
1 0.8323313293253173 0.6726489828449783 0.04275217100868403 0.038358801465701475
0 0.9024716098864396 0.6712790256497747 0.038744154976619996 0.03013905829447964
2 0.9686038744154977 0.674018940040182 0.03740814963259851 0.038358801465701475
7 0.33959105059833833 0.7274472706531165 0.07699692351941793 0.043838630246515686
6 0.44889779559118237 0.7212824632747069 0.02538410153640612 0.028769101099276214
8 0.49498997995991983 0.724022377665114 0.024048096192384703 0.0397287586609049
9 0.5444221776887107 0.728132249250725 0.02538410153640612 0.03424892988009063
3 0.5908483633934536 0.7260773134579196 0.02738810955243821 0.038358801465701475
10 0.6389445557782232 0.7274472706531231 0.02204408817635276 0.03287897268488692
4 0.6840347361389445 0.7260773134579196 0.021376085504341943 0.03561888707529406
5 0.7287909151636606 0.7260773134579196 0.018704074816299255 0.04383863024651589
15 0.7738810955243821 0.7253923348603177 0.026052104208416863 0.03972875866090504
1 0.8323313293253173 0.7260773134579196 0.045424181696726865 0.03287897268488692
0 0.9024716098864396 0.7253923348603177 0.038744154976619996 0.04246867305131232
2 0.9682698730794922 0.7274472706531233 0.03807615230460911 0.038358801465701475
7 0.34027543281814304 0.7808756012660574 0.0783001697678513 0.03835880146570109
6 0.44822979291917164 0.7712859008996391 0.026720106880427537 0.03013905829447964
8 0.4956579826319305 0.7767657296804537 0.026720106880427464 0.038358801465701337
9 0.5450901803607214 0.77539577248525 0.026720106880427464 0.03561888707529406
3 0.5911823647294588 0.77539577248525 0.026720106880427606 0.038358801465701475
10 0.6389445557782232 0.7767657296804535 0.02204408817635276 0.04109871585610861
4 0.6843687374749499 0.7767657296804535 0.023380093520374033 0.03287897268488692
5 0.7294589178356713 0.7760807510828519 0.0200400801603206 0.03698884427049776
15 0.7738810955243821 0.778820665473259 0.026052104208416863 0.03698884427049776
1 0.8326653306613226 0.7774507082780553 0.044756179024716264 0.03424892988009063
0 0.9021376085504342 0.778820665473259 0.03807615230460925 0.03698884427049776
2 0.9679358717434868 0.7795056440708608 0.03874415497661985 0.038358801465701337
7 0.34996147156229723 0.8336189532813927 0.09633624191213841 0.03972875866090468
6 0.448563794255177 0.8267691673053857 0.028724114896459624 0.03698884427049776
8 0.4963259853039412 0.8322489960862004 0.029392117568470155 0.04246867305131232
9 0.5460921843687374 0.8301940602933948 0.026052104208416863 0.04383863024651589
3 0.5915163660654642 0.8288241030981912 0.03006012024048104 0.04657854463692303
10 0.6389445557782232 0.8301940602933948 0.020708082832331342 0.04931845902733031
4 0.6850367401469606 0.8281391245005895 0.023380093520374033 0.04246867305131232
5 0.7294589178356713 0.829509081695793 0.0200400801603206 0.03972875866090519
15 0.7735470941883767 0.8315640174885985 0.025384101536406262 0.038358801465701337
1 0.8333333333333333 0.8308790388909967 0.046092184368737604 0.03972875866090504
0 0.902805611222445 0.829509081695793 0.04208416833667343 0.04246867305131232
2 0.967935871743487 0.8288241030981912 0.040080160320641364 0.03561888707529408
