1 0.345728 0.222554 0.123418 0.048675
2 0.449480 0.217687 0.029837 0.055165
3 0.495592 0.213012 0.030515 0.058795
4 0.545095 0.214403 0.026899 0.058331
5 0.591772 0.209574 0.028481 0.055165
6 0.637658 0.212819 0.030063 0.055165
7 0.682358 0.213585 0.032437 0.059941
8 0.727453 0.216019 0.030854 0.055073
9 0.771926 0.212774 0.030515 0.055073
10 0.834256 0.214635 0.062500 0.055550
11 0.900712 0.216489 0.049842 0.049524
12 0.967168 0.214635 0.056171 0.055550
1 0.355617 0.270418 0.106804 0.030827
2 0.449103 0.272760 0.029008 0.036776
3 0.494989 0.275439 0.026899 0.038244
4 0.544831 0.274383 0.026371 0.042185
5 0.592827 0.273842 0.028481 0.045430
6 0.637922 0.277628 0.030063 0.040021
7 0.682489 0.275465 0.032700 0.042185
8 0.727057 0.277628 0.031118 0.042185
9 0.771511 0.277628 0.030817 0.042185
10 0.832957 0.277177 0.058770 0.044039
11 0.901051 0.276598 0.052554 0.042880
1 0.968863 0.272542 0.059335 0.041721
1 0.355165 0.322955 0.106804 0.033609
1 0.354600 0.374527 0.106804 0.041721
1 0.354317 0.429575 0.106239 0.040562
1 0.354035 0.616162 0.111325 0.040562
1 0.354317 0.673528 0.111890 0.032450
1 0.354600 0.726259 0.110194 0.038244
1 0.355165 0.776672 0.110194 0.037085
1 0.355165 0.829982 0.111325 0.034768
2 0.449537 0.323534 0.029950 0.041721
2 0.448972 0.378583 0.032211 0.038244
2 0.447841 0.430734 0.031080 0.040562
2 0.447276 0.616162 0.026560 0.045198
2 0.446146 0.673528 0.027690 0.034768
2 0.446429 0.726259 0.029385 0.040562
2 0.446429 0.776672 0.030515 0.039403
2 0.446711 0.830562 0.032211 0.040562
3 0.496722 0.325273 0.028255 0.040562
3 0.496440 0.379162 0.031080 0.041721
3 0.497005 0.431314 0.032211 0.037085
3 0.497005 0.613264 0.031080 0.055628
3 0.497853 0.671790 0.032776 0.038244
3 0.497288 0.727997 0.032776 0.041721
3 0.498700 0.778411 0.034471 0.035927
3 0.499548 0.829982 0.038427 0.041721
4 0.545321 0.325273 0.027125 0.038244
4 0.545604 0.377424 0.028820 0.042880
4 0.545038 0.430734 0.029950 0.040562
5 0.593637 0.326431 0.031080 0.038244
5 0.593920 0.376845 0.032776 0.041721
5 0.593920 0.430155 0.032776 0.044039
6 0.638845 0.327590 0.032211 0.040562
6 0.639410 0.379162 0.034471 0.039403
6 0.639975 0.431314 0.034471 0.041721
7 0.682923 0.328170 0.034471 0.039403
7 0.682358 0.379162 0.035601 0.039403
7 0.683770 0.433632 0.037297 0.039403
8 0.727000 0.326431 0.029950 0.045198
8 0.727566 0.380321 0.029950 0.039403
8 0.727848 0.433052 0.030515 0.040562
9 0.772491 0.322955 0.031646 0.038244
9 0.772208 0.378583 0.032211 0.035927
9 0.772491 0.435370 0.032776 0.038244
10 0.834652 0.327011 0.059901 0.032450
10 0.834652 0.376845 0.061031 0.037085
10 0.835217 0.432473 0.064421 0.044039
11 0.901334 0.325273 0.053119 0.040562
12 0.968015 0.325852 0.059901 0.039403
11 0.900203 0.376845 0.053119 0.034768
11 0.900203 0.432473 0.055380 0.039403
12 0.966885 0.377424 0.057640 0.033609
12 0.966603 0.432473 0.061596 0.044039
4 0.545321 0.611526 0.027125 0.054469
5 0.591094 0.610367 0.030515 0.054469
6 0.638562 0.611526 0.023734 0.056787
7 0.683205 0.613844 0.022604 0.059105
8 0.728413 0.613264 0.033906 0.064900
9 0.776447 0.613844 0.023734 0.063741
10 0.831544 0.615003 0.058205 0.063741
11 0.903877 0.615582 0.054815 0.060264
12 0.967168 0.619059 0.054815 0.060264
4 0.545038 0.671210 0.028820 0.037085
4 0.545604 0.726259 0.028820 0.042880
4 0.544473 0.778990 0.027690 0.034768
4 0.543626 0.829982 0.025995 0.046357
5 0.591094 0.671790 0.031646 0.042880
5 0.591094 0.727418 0.031646 0.042880
5 0.591659 0.779569 0.032776 0.040562
5 0.591942 0.832880 0.034471 0.045198
6 0.638280 0.672949 0.025429 0.045198
6 0.636585 0.727418 0.025429 0.040562
6 0.637432 0.782467 0.028255 0.037085
6 0.637150 0.835777 0.028820 0.046357
7 0.684335 0.675267 0.024864 0.040562
7 0.683770 0.729736 0.024864 0.040562
7 0.685183 0.781887 0.025429 0.038244
7 0.685466 0.835198 0.027125 0.042880
8 0.728131 0.677584 0.033341 0.040562
8 0.728978 0.729736 0.033906 0.038244
8 0.728696 0.780728 0.034471 0.035927
8 0.727283 0.835198 0.032776 0.045198
9 0.774186 0.678164 0.022604 0.039403
9 0.772491 0.731474 0.022604 0.034768
9 0.773056 0.783046 0.024864 0.038244
9 0.773904 0.835198 0.027690 0.042880
10 0.831826 0.677584 0.058770 0.040562
10 0.831544 0.725100 0.060466 0.042880
10 0.828436 0.776672 0.055380 0.034768
10 0.830414 0.835777 0.060466 0.041721
11 0.904159 0.675267 0.058770 0.033609
11 0.903594 0.725100 0.058770 0.047516
11 0.903029 0.779569 0.058770 0.042880
11 0.903029 0.835198 0.059901 0.047516
12 0.966885 0.677005 0.054250 0.037085
12 0.966603 0.728577 0.054815 0.040562
12 0.965190 0.782467 0.054250 0.041721
12 0.964060 0.835777 0.053119 0.046357